4946
6328
1690
118
1678
1323
4414
27
6800
2910
254
5940
359
2056
6329
2046
5000
125
604
1114
7769
3538
9496
33
4481
148
9470
8044
1987
3476
5460
1768
111
9483
5687
2481
9128
3467
7457
67
973
694
190
7558
1833
179
581
5468
3847
4613
6369
8033
2337
930
1241
195
180
498
4028
340
971
8
4522
5907
4907
3990
59
9408
2200
341
7028
176
1538
316
1756
1986
7407
2767
987
972
3128
1540
1477
233
131
3005
6036
1619
3478
1577
3006
3683
114
469
5199
1771
88
4099
5813
6995
870
4488
461
599
3339
1732
4678
818
610
2075
1706
2231
3310
7157
25
2122
2468
2714
3647
4270
4476
4499
16